%YAML:1.0
---
calibration_time: "vie 23 feb 2024 12:46:01"
image_width: 2304
image_height: 1536
flags: 0
camera_matrix: !!opencv-matrix
   rows: 3
   cols: 3
   dt: d
   data: [ 1.6235756765336891e+03, 0., 9.1033915834391735e+02, 0.,
       1.7099821424537763e+03, 6.1231652750292426e+02, 0., 0., 1. ]
distortion_coefficients: !!opencv-matrix
   rows: 1
   cols: 5
   dt: d
   data: [ 9.0853853155256936e-01, -6.9491913903024747e+00,
       -4.9876677882509317e-02, -9.7044764278646653e-02,
       1.4631465957744673e+01 ]
avg_reprojection_error: 2.4584824078353300e+00
